xso = linspace( 0, 923, 924 );
yso = [ 0.023040771484375, 0.019622802734375, -0.004425048828125, 0.005645751953125, 0.0052490234375, -0.00372314453125, -0.0096435546875, -0.00518798828125, -0.01483154296875, -0.02117919921875, -0.02032470703125, -0.017669677734375, -0.023345947265625, -0.030670166015625, -0.01776123046875, -0.009063720703125, -6.103515625E-5, 4.8828125E-4, 0.0015869140625, 0.019317626953125, 0.02716064453125, 0.024749755859375, 0.024688720703125, 0.02734375, 0.033477783203125, 0.03143310546875, 0.0369873046875, 0.03045654296875, 0.030548095703125, 0.022430419921875, 0.030670166015625, 0.027984619140625, 0.02484130859375, 0.025909423828125, 0.020294189453125, 0.0162353515625, 0.014984130859375, -0.003753662109375, -0.01702880859375, -0.00860595703125, -0.011474609375, -0.03924560546875, -0.044891357421875, -0.074127197265625, -0.077178955078125, -0.1024169921875, -0.10162353515625, -0.065338134765625, -0.08575439453125, -0.113494873046875, -0.10394287109375, -0.085479736328125, -0.078826904296875, -0.07696533203125, -0.071624755859375, -0.067535400390625, -0.058990478515625, -0.047637939453125, -0.030120849609375, -0.026611328125, -0.02081298828125, -0.014129638671875, -0.00701904296875, 0.0052490234375, 0.012908935546875, 0.01300048828125, 0.02606201171875, 0.027679443359375, 0.048492431640625, 0.0430908203125, 0.046905517578125, 0.04156494140625, 0.04638671875, 0.0494384765625, 0.052001953125, 0.0452880859375, 0.043212890625, 0.04840087890625, 0.042236328125, 0.03155517578125, 0.01513671875, 0.00506591796875, -0.01226806640625, -0.0216064453125, -0.016632080078125, -0.017364501953125, -0.03778076171875, -0.053192138671875, -0.057373046875, -0.0562744140625, -0.05120849609375, -0.04913330078125, -0.048553466796875, -0.052978515625, -0.05718994140625, -0.050445556640625, -0.054229736328125, -0.05499267578125, -0.046600341796875, -0.03338623046875, -0.0313720703125, -0.0277099609375, -0.0196533203125, -0.01318359375, 0.005096435546875, 0.010101318359375, 0.02740478515625, 0.036346435546875, 0.043060302734375, 0.05010986328125, 0.053955078125, 0.05035400390625, 0.05340576171875, 0.0504150390625, 0.045318603515625, 0.04388427734375, 0.037200927734375, 0.031585693359375, 0.0196533203125, 3.35693359375E-4, -0.003631591796875, -0.010711669921875, -0.023773193359375, -0.03875732421875, -0.04229736328125, -0.05712890625, -0.06561279296875, -0.065338134765625, -0.0731201171875, -0.07452392578125, -0.077484130859375, -0.072113037109375, -0.07379150390625, -0.061004638671875, -0.048980712890625, -0.0299072265625, -0.009521484375, 0.02215576171875, 0.0281982421875, 0.02801513671875, 0.04638671875, 0.068328857421875, 0.08087158203125, 0.0845947265625, 0.0992431640625, 0.105255126953125, 0.1080322265625, 0.107269287109375, 0.106048583984375, 0.113128662109375, 0.111053466796875, 0.1181640625, 0.113372802734375, 0.11083984375, 0.114715576171875, 0.116973876953125, 0.103668212890625, 0.094146728515625, 0.079681396484375, 0.077423095703125, 0.070404052734375, 0.055419921875, 0.035919189453125, 0.017974853515625, 0.0050048828125, -0.0079345703125, -0.03887939453125, -0.046722412109375, -0.038482666015625, -0.0465087890625, -0.057464599609375, -0.0648193359375, -0.07464599609375, -0.0716552734375, -0.06439208984375, -0.050262451171875, -0.06243896484375, -0.0494384765625, -0.048675537109375, -0.055450439453125, -0.010345458984375, 0.022979736328125, 0.047119140625, 0.0169677734375, -0.01416015625, -0.00238037109375, 0.03692626953125, 0.043060302734375, 0.052215576171875, 0.0450439453125, 0.06256103515625, 0.058746337890625, 0.071868896484375, 0.075592041015625, 0.071380615234375, 0.07366943359375, 0.062744140625, 0.073455810546875, 0.068267822265625, 0.064849853515625, 0.05389404296875, 0.05230712890625, 0.04656982421875, 0.030609130859375, 0.02264404296875, 0.01654052734375, 2.74658203125E-4, -0.019012451171875, -0.015411376953125, -0.016204833984375, -0.0189208984375, -0.034271240234375, -0.02508544921875, -0.04302978515625, -0.026519775390625, -0.018096923828125, -0.048583984375, -0.045867919921875, -0.040802001953125, -0.04339599609375, -0.017578125, -0.0128173828125, -0.0286865234375, -0.042510986328125, -0.039031982421875, -0.021270751953125, -0.012420654296875, -0.037384033203125, -0.022613525390625, -0.013885498046875, -0.01611328125, -0.01580810546875, -0.007080078125, -0.0010986328125, 0.004913330078125, 0.00250244140625, 0.007598876953125, 6.103515625E-4, -0.008941650390625, -0.01312255859375, -0.01220703125, -0.023284912109375, -0.0301513671875, -0.0379638671875, -0.0357666015625, -0.04168701171875, -0.039886474609375, -0.0435791015625, -0.046295166015625, -0.05413818359375, -0.059417724609375, -0.065460205078125, -0.059722900390625, -0.05413818359375, -0.04632568359375, -0.0537109375, -0.065582275390625, -0.066162109375, -0.05126953125, -0.037261962890625, -0.034393310546875, -0.03131103515625, -0.03131103515625, -0.008636474609375, -0.011260986328125, -0.008636474609375, -0.016998291015625, 0.00250244140625, 0.00689697265625, 0.008941650390625, 0.00341796875, -0.003448486328125, -0.002838134765625, -0.005889892578125, -0.0079345703125, -0.01824951171875, -0.035400390625, -0.04339599609375, -0.072021484375, -0.1319580078125, -0.08966064453125, -0.0406494140625, -0.078033447265625, -0.09014892578125, -0.084014892578125, -0.066070556640625, -0.07159423828125, -0.080963134765625, -0.068634033203125, -0.045745849609375, -0.04034423828125, -0.03424072265625, -0.020904541015625, -0.0145263671875, -0.019256591796875, -0.00396728515625, 0.013916015625, 0.02813720703125, 0.03399658203125, 0.06427001953125, 0.063751220703125, 0.083282470703125, 0.0906982421875, 0.099945068359375, 0.104248046875, 0.102935791015625, 0.112762451171875, 0.109130859375, 0.11175537109375, 0.10833740234375, 0.106903076171875, 0.102935791015625, 0.095977783203125, 0.099761962890625, 0.092529296875, 0.090179443359375, 0.075958251953125, 0.0811767578125, 0.073150634765625, 0.068359375, 0.056854248046875, 0.0552978515625, 0.057037353515625, 0.046875, 0.03436279296875, 0.02838134765625, 0.016021728515625, 0.010162353515625, 0.00750732421875, 0.012603759765625, 0.006500244140625, 0.004913330078125, 0.011260986328125, 0.002227783203125, 0.009429931640625, 0.0098876953125, 0.012908935546875, 0.01910400390625, 0.019195556640625, 0.00531005859375, 0.013519287109375, 0.016448974609375, 0.024200439453125, 0.020660400390625, 0.024688720703125, 0.0303955078125, 0.0311279296875, 0.04498291015625, 0.052032470703125, 0.0628662109375, 0.0582275390625, 0.072998046875, 0.0701904296875, 0.085906982421875, 0.08074951171875, 0.0823974609375, 0.081878662109375, 0.0767822265625, 0.077362060546875, 0.06597900390625, 0.062530517578125, 0.06146240234375, 0.054656982421875, 0.048797607421875, 0.035980224609375, 0.039031982421875, 0.040130615234375, 0.011322021484375, -0.004608154296875, -0.01153564453125, -0.0252685546875, -0.032073974609375, -0.03955078125, -0.051177978515625, -0.049041748046875, -0.043243408203125, -0.05499267578125, -0.049713134765625, -0.048858642578125, -0.057342529296875, -0.0426025390625, -0.036224365234375, -0.0401611328125, -0.029998779296875, -0.02752685546875, -0.015655517578125, -0.011016845703125, -0.011077880859375, -0.00457763671875, -0.01031494140625, -0.01055908203125, -0.014190673828125, -0.008514404296875, -0.007720947265625, -0.008453369140625, -0.0123291015625, -0.023284912109375, -0.032958984375, -0.038665771484375, -0.04498291015625, -0.047882080078125, -0.054046630859375, -0.061676025390625, -0.06915283203125, -0.07244873046875, -0.08270263671875, -0.100738525390625, -0.105010986328125, -0.13641357421875, -0.154571533203125, -0.147247314453125, -0.1446533203125, -0.14300537109375, -0.16510009765625, -0.15655517578125, -0.1533203125, -0.145751953125, -0.140899658203125, -0.143646240234375, -0.137481689453125, -0.131622314453125, -0.12353515625, -0.113677978515625, -0.10540771484375, -0.090850830078125, -0.068695068359375, -0.057220458984375, -0.038909912109375,